     1        0   0.000
     2    49778   0.010
     3    99555   0.020
     4   149332   0.030
     5   199109   0.040
     6   248886   0.050
     7   298663   0.060
     8   348440   0.070
     9   398217   0.080
    10   447994   0.090
    11   497771   0.100
    12   547548   0.110
    13   597325   0.120
    14   647102   0.130
    15   696879   0.140
    16   746656   0.150
    17   796433   0.160
    18   846210   0.170
    19   895987   0.180
    20   945764   0.190
    21   995541   0.200
    22  1045318   0.210
    23  1095095   0.220
    24  1144872   0.230
    25  1194649   0.240
    26  1244426   0.250
    27  1294203   0.260
    28  1343980   0.270
    29  1393757   0.280
    30  1443534   0.290
    31  1493311   0.300
    32  1543088   0.310
    33  1592865   0.320
    34  1642642   0.330
    35  1692419   0.340
    36  1742196   0.350
    37  1791973   0.360
    38  1841750   0.370
    39  1891527   0.380
    40  1941304   0.390
    41  1991081   0.400
    42  2040858   0.410
    43  2090635   0.420
    44  2140412   0.430
    45  2190189   0.440
    46  2239966   0.450
    47  2289743   0.460
    48  2339520   0.470
    49  2389297   0.480
    50  2439074   0.490
    51  2488851   0.500
    52  2538628   0.510
    53  2588405   0.520
    54  2638182   0.530
    55  2687959   0.540
    56  2737736   0.550
    57  2787513   0.560
    58  2837290   0.570
    59  2887067   0.580
    60  2936844   0.590
    61  2986621   0.600
    62  3036398   0.610
    63  3086175   0.620
    64  3135952   0.630
    65  3185729   0.640
    66  3235506   0.650
    67  3285283   0.660
    68  3335060   0.670
    69  3384837   0.680
    70  3434614   0.690
    71  3484391   0.700
    72  3534168   0.710
    73  3583945   0.720
    74  3633722   0.730
    75  3683499   0.740
    76  3733276   0.750
    77  3783053   0.760
    78  3832830   0.770
    79  3882607   0.780
    80  3932384   0.790
    81  3982161   0.800
    82  4031938   0.810
    83  4081715   0.820
    84  4131492   0.830
    85  4181269   0.840
    86  4231046   0.850
    87  4280823   0.860
    88  4330600   0.870
    89  4380377   0.880
    90  4430154   0.890
    91  4479931   0.900
    92  4529708   0.910
    93  4579485   0.920
    94  4629262   0.930
    95  4679039   0.940
    96  4728816   0.950
    97  4778593   0.960
    98  4828370   0.970
    99  4878147   0.980
   100  4927924   0.990
   101  4977701   1.000
   102  5027478   1.010
   103  5077255   1.020
   104  5127032   1.030
   105  5176809   1.040
   106  5226586   1.050
   107  5276363   1.060
   108  5326140   1.070
   109  5375917   1.080
   110  5425694   1.090
   111  5475471   1.100
   112  5525248   1.110
   113  5575025   1.120
   114  5624802   1.130
   115  5674579   1.140
   116  5724356   1.150
   117  5774133   1.160
   118  5823910   1.170
   119  5873687   1.180
   120  5923464   1.190
   121  5973241   1.200
   122  6023018   1.210
   123  6072795   1.220
   124  6122572   1.230
   125  6172349   1.240
   126  6222126   1.250
   127  6271903   1.260
   128  6321680   1.270
   129  6371457   1.280
   130  6421234   1.290
   131  6471011   1.300
   132  6520788   1.310
   133  6570565   1.320
   134  6620342   1.330
   135  6670119   1.340
   136  6719896   1.350
   137  6769673   1.360
   138  6819450   1.370
   139  6869227   1.380
   140  6919004   1.390
   141  6968781   1.400
   142  7018558   1.410
   143  7068335   1.420
   144  7118112   1.430
   145  7167889   1.440
   146  7217666   1.450
   147  7267443   1.460
   148  7317220   1.470
   149  7366997   1.480
   150  7416774   1.490
   151  7466551   1.500
   152  7516328   1.510
   153  7566105   1.520
   154  7615882   1.530
   155  7665659   1.540
   156  7715436   1.550
   157  7765213   1.560
   158  7814990   1.570
   159  7864767   1.580
   160  7914544   1.590
   161  7964321   1.600
   162  8014098   1.610
   163  8063875   1.620
   164  8113652   1.630
   165  8163429   1.640
   166  8213206   1.650
   167  8262983   1.660
   168  8312760   1.670
   169  8362537   1.680
   170  8412314   1.690
   171  8462091   1.700
   172  8511868   1.710
   173  8561645   1.720
   174  8611422   1.730
   175  8661199   1.740
   176  8710976   1.750
   177  8760753   1.760
   178  8810530   1.770
   179  8860307   1.780
   180  8910084   1.790
   181  8959861   1.800
   182  9009638   1.810
   183  9059415   1.820
   184  9109192   1.830
   185  9158969   1.840
   186  9208746   1.850
   187  9258523   1.860
   188  9308300   1.870
   189  9358077   1.880
   190  9407854   1.890
   191  9457631   1.900
   192  9507408   1.910
   193  9557185   1.920
   194  9606962   1.930
   195  9656739   1.940
   196  9706516   1.950
   197  9756293   1.960
   198  9806070   1.970
   199  9855847   1.980
   200  9905624   1.990
   201  9955401   2.000
