     1        0   180000   0.000
     2    49778   180506   0.010
     3    99555   181303   0.020
     4   149332   181861   0.030
     5   199109   182657   0.040
     6   248886   183194   0.050
     7   298663   184011   0.060
     8   348440   184609   0.070
     9   398217   185441   0.080
    10   447994   186005   0.090
    11   497771   186863   0.100
    12   547548   187532   0.110
    13   597325   188396   0.120
    14   647102   188992   0.130
    15   696879   189932   0.140
    16   746656   190695   0.150
    17   796433   191604   0.160
    18   846210   192215   0.170
    19   895987   193198   0.180
    20   945764   193991   0.190
    21   995541   194905   0.200
    22  1045318   195532   0.210
    23  1095095   196561   0.220
    24  1144872   197399   0.230
    25  1194649   198342   0.240
    26  1244426   198962   0.250
    27  1294203   200018   0.260
    28  1343980   200879   0.270
    29  1393757   201850   0.280
    30  1443534   202476   0.290
    31  1493311   203519   0.300
    32  1543088   204357   0.310
    33  1592865   205344   0.320
    34  1642642   205990   0.330
    35  1692419   207066   0.340
    36  1742196   207958   0.350
    37  1791973   208914   0.360
    38  1841750   209565   0.370
    39  1891527   210645   0.380
    40  1941304   211502   0.390
    41  1991081   212521   0.400
    42  2040858   213138   0.410
    43  2090635   214212   0.420
    44  2140412   215135   0.430
    45  2190189   216139   0.440
    46  2239966   216764   0.450
    47  2289743   217820   0.460
    48  2339520   218742   0.470
    49  2389297   219750   0.480
    50  2439074   220392   0.490
    51  2488851   221499   0.500
    52  2538628   222445   0.510
    53  2588405   223471   0.520
    54  2638182   224132   0.530
    55  2687959   225215   0.540
    56  2737736   226128   0.550
    57  2787513   227168   0.560
    58  2837290   227801   0.570
    59  2887067   228888   0.580
    60  2936844   229823   0.590
    61  2986621   230868   0.600
    62  3036398   231523   0.610
    63  3086175   232652   0.620
    64  3135952   233556   0.630
    65  3185729   234619   0.640
    66  3235506   235273   0.650
    67  3285283   236402   0.660
    68  3335060   237308   0.670
    69  3384837   238364   0.680
    70  3434614   239042   0.690
    71  3484391   240177   0.700
    72  3534168   241081   0.710
    73  3583945   242109   0.720
    74  3633722   242784   0.730
    75  3683499   243875   0.740
    76  3733276   244808   0.750
    77  3783053   245874   0.760
    78  3832830   246561   0.770
    79  3882607   247669   0.780
    80  3932384   248548   0.790
    81  3982161   249636   0.800
    82  4031938   250317   0.810
    83  4081715   251433   0.820
    84  4131492   252350   0.830
    85  4181269   253418   0.840
    86  4231046   254103   0.850
    87  4280823   255209   0.860
    88  4330600   256106   0.870
    89  4380377   257181   0.880
    90  4430154   257883   0.890
    91  4479931   259000   0.900
    92  4529708   259891   0.910
    93  4579485   260939   0.920
    94  4629262   261600   0.930
    95  4679039   262727   0.940
    96  4728816   263669   0.950
    97  4778593   264802   0.960
    98  4828370   265478   0.970
    99  4878147   266584   0.980
   100  4927924   267466   0.990
   101  4977701   268558   1.000
   102  5027478   269204   1.010
   103  5077255   270332   1.020
   104  5127032   271260   1.030
   105  5176809   272377   1.040
   106  5226586   273040   1.050
   107  5276363   274178   1.060
   108  5326140   275060   1.070
   109  5375917   276134   1.080
   110  5425694   276780   1.090
   111  5475471   277893   1.100
   112  5525248   278813   1.110
   113  5575025   279884   1.120
   114  5624802   280545   1.130
   115  5674579   281703   1.140
   116  5724356   282614   1.150
   117  5774133   283690   1.160
   118  5823910   284336   1.170
   119  5873687   285479   1.180
   120  5923464   286397   1.190
   121  5973241   287492   1.200
   122  6023018   288181   1.210
   123  6072795   289364   1.220
   124  6122572   290260   1.230
   125  6172349   291342   1.240
   126  6222126   292020   1.250
   127  6271903   293184   1.260
   128  6321680   294070   1.270
   129  6371457   295186   1.280
   130  6421234   295859   1.290
   131  6471011   296951   1.300
   132  6520788   297849   1.310
   133  6570565   298962   1.320
   134  6620342   299646   1.330
   135  6670119   300806   1.340
   136  6719896   301696   1.350
   137  6769673   302798   1.360
   138  6819450   303484   1.370
   139  6869227   304642   1.380
   140  6919004   305568   1.390
   141  6968781   306672   1.400
   142  7018558   307364   1.410
   143  7068335   308512   1.420
   144  7118112   309425   1.430
   145  7167889   310539   1.440
   146  7217666   311220   1.450
   147  7267443   312323   1.460
   148  7317220   313256   1.470
   149  7366997   314361   1.480
   150  7416774   315021   1.490
   151  7466551   316165   1.500
   152  7516328   317100   1.510
   153  7566105   318193   1.520
   154  7615882   318865   1.530
   155  7665659   319986   1.540
   156  7715436   320942   1.550
   157  7765213   322013   1.560
   158  7814990   322702   1.570
   159  7864767   323803   1.580
   160  7914544   324744   1.590
   161  7964321   325808   1.600
   162  8014098   326471   1.610
   163  8063875   327581   1.620
   164  8113652   328475   1.630
   165  8163429   329514   1.640
   166  8213206   330204   1.650
   167  8262983   331296   1.660
   168  8312760   332205   1.670
   169  8362537   333243   1.680
   170  8412314   333943   1.690
   171  8462091   335093   1.700
   172  8511868   336000   1.710
   173  8561645   337065   1.720
   174  8611422   337754   1.730
   175  8661199   338840   1.740
   176  8710976   339785   1.750
   177  8760753   340853   1.760
   178  8810530   341520   1.770
   179  8860307   342613   1.780
   180  8910084   343524   1.790
   181  8959861   344591   1.800
   182  9009638   345297   1.810
   183  9059415   346396   1.820
   184  9109192   347286   1.830
   185  9158969   348366   1.840
   186  9208746   349077   1.850
   187  9258523   350194   1.860
   188  9308300   351075   1.870
   189  9358077   352151   1.880
   190  9407854   352845   1.890
   191  9457631   353981   1.900
   192  9507408   354849   1.910
   193  9557185   355935   1.920
   194  9606962   356677   1.930
   195  9656739   357811   1.940
   196  9706516   358699   1.950
   197  9756293   359796   1.960
   198  9806070   360487   1.970
   199  9855847   361556   1.980
   200  9905624   362457   1.990
   201  9955401   363536   2.000
