     1    12050     4979   0.001
     2    12050     9957   0.002
     3    12050    14935   0.003
     4    12050    19913   0.004
     5    12050    24891   0.005
     6    12050    29869   0.006
     7    12050    34847   0.007
     8    12050    39825   0.008
     9    12050    44803   0.009
    10    12050    49781   0.010
    11    12050    54759   0.011
    12    12050    59737   0.012
    13    12050    64715   0.013
    14    12050    69693   0.014
    15    12050    74671   0.015
    16    12050    79649   0.016
    17    12050    84627   0.017
    18    12050    89605   0.018
    19    12050    94583   0.019
    20    12050    99561   0.020
    21    12050   104539   0.021
    22    12050   109517   0.022
    23    12050   114495   0.023
    24    12050   119473   0.024
    25    12050   124451   0.025
    26    12050   129429   0.026
    27    12050   134407   0.027
    28    12050   139385   0.028
    29    12050   144363   0.029
    30    12050   149341   0.030
    31    12050   154319   0.031
    32    12050   159297   0.032
    33    12050   164275   0.033
    34    12050   169253   0.034
    35    12050   174231   0.035
    36    12050   179209   0.036
    37    12050   184187   0.037
    38    12050   189165   0.038
    39    12050   194143   0.039
    40    12050   199121   0.040
    41    12050   204099   0.041
    42    12050   209077   0.042
    43    12050   214055   0.043
    44    12050   219033   0.044
    45    12050   224011   0.045
    46    12050   228989   0.046
    47    12050   233967   0.047
    48    12050   238945   0.048
    49    12050   243923   0.049
    50    12050   248901   0.050
    51    12050   253879   0.051
    52    12050   258857   0.052
    53    12050   263835   0.053
    54    12050   268813   0.054
    55    12050   273791   0.055
    56    12050   278769   0.056
    57    12050   283747   0.057
    58    12050   288725   0.058
    59    12050   293703   0.059
    60    12050   298681   0.060
    61    12050   303659   0.061
    62    12050   308637   0.062
    63    12050   313615   0.063
    64    12050   318593   0.064
    65    12050   323571   0.065
    66    12050   328549   0.066
    67    12050   333527   0.067
    68    12050   338505   0.068
    69    12050   343483   0.069
    70    12050   348461   0.070
    71    12050   353439   0.071
    72    12050   358417   0.072
    73    12050   363395   0.073
    74    12050   368373   0.074
    75    12050   373351   0.075
    76    12050   378329   0.076
    77    12050   383307   0.077
    78    12050   388285   0.078
    79    12050   393263   0.079
    80    12050   398241   0.080
    81    12050   403219   0.081
    82    12050   408197   0.082
    83    12050   413175   0.083
    84    12050   418153   0.084
    85    12050   423131   0.085
    86    12050   428109   0.086
    87    12050   433087   0.087
    88    12050   438065   0.088
    89    12050   443043   0.089
    90    12050   448021   0.090
    91    12050   452999   0.091
    92    12050   457977   0.092
    93    12050   462955   0.093
    94    12050   467933   0.094
    95    12050   472911   0.095
    96    12050   477889   0.096
    97    12050   482867   0.097
    98    12050   487845   0.098
    99    12050   492823   0.099
   100    12050   497801   0.100
   101    12050   502779   0.101
   102    12050   507757   0.102
   103    12050   512735   0.103
   104    12050   517713   0.104
   105    12050   522691   0.105
   106    12050   527669   0.106
   107    12050   532647   0.107
   108    12050   537625   0.108
   109    12050   542603   0.109
   110    12050   547581   0.110
   111    12050   552559   0.111
   112    12050   557537   0.112
   113    12050   562515   0.113
   114    12050   567493   0.114
   115    12050   572471   0.115
   116    12050   577449   0.116
   117    12050   582427   0.117
   118    12050   587405   0.118
   119    12050   592383   0.119
   120    12050   597361   0.120
   121    12050   602339   0.121
   122    12050   607317   0.122
   123    12050   612295   0.123
   124    12050   617273   0.124
   125    12050   622251   0.125
   126    12050   627229   0.126
   127    12050   632207   0.127
   128    12050   637185   0.128
   129    12050   642163   0.129
   130    12050   647141   0.130
   131    12050   652119   0.131
   132    12050   657097   0.132
   133    12050   662075   0.133
   134    12050   667053   0.134
   135    12050   672031   0.135
   136    12050   677009   0.136
   137    12050   681987   0.137
   138    12050   686965   0.138
   139    12050   691943   0.139
   140    12050   696921   0.140
   141    12050   701899   0.141
   142    12050   706877   0.142
   143    12050   711855   0.143
   144    12050   716833   0.144
   145    12050   721811   0.145
   146    12050   726789   0.146
   147    12050   731767   0.147
   148    12050   736745   0.148
   149    12050   741723   0.149
   150    12050   746701   0.150
   151    12050   751679   0.151
   152    12050   756657   0.152
   153    12050   761635   0.153
   154    12050   766613   0.154
   155    12050   771591   0.155
   156    12050   776569   0.156
   157    12050   781547   0.157
   158    12050   786525   0.158
   159    12050   791503   0.159
   160    12050   796481   0.160
   161    12050   801459   0.161
   162    12050   806437   0.162
   163    12050   811415   0.163
   164    12050   816393   0.164
   165    12050   821371   0.165
   166    12050   826349   0.166
   167    12050   831327   0.167
   168    12050   836305   0.168
   169    12050   841283   0.169
   170    12050   846261   0.170
   171    12050   851239   0.171
   172    12050   856217   0.172
   173    12050   861195   0.173
   174    12050   866173   0.174
   175    12050   871151   0.175
   176    12050   876129   0.176
   177    12050   881107   0.177
   178    12050   886085   0.178
   179    12050   891063   0.179
   180    12050   896041   0.180
   181    12050   901019   0.181
   182    12050   905997   0.182
   183    12050   910975   0.183
   184    12050   915953   0.184
   185    12050   920931   0.185
   186    12050   925909   0.186
   187    12050   930887   0.187
   188    12050   935865   0.188
   189    12050   940843   0.189
   190    12050   945821   0.190
   191    12050   950799   0.191
   192    12050   955777   0.192
   193    12050   960755   0.193
   194    12050   965733   0.194
   195    12050   970711   0.195
   196    12050   975689   0.196
   197    12050   980667   0.197
   198    12050   985645   0.198
   199    12050   990623   0.199
   200    12050   995601   0.200
   201    12050  1000579   0.201
   202    12050  1005557   0.202
   203    12050  1010535   0.203
   204    12050  1015513   0.204
   205    12050  1020491   0.205
   206    12050  1025469   0.206
   207    12050  1030447   0.207
   208    12050  1035425   0.208
   209    12050  1040403   0.209
   210    12050  1045381   0.210
   211    12050  1050359   0.211
   212    12050  1055337   0.212
   213    12050  1060315   0.213
   214    12050  1065293   0.214
   215    12050  1070271   0.215
   216    12050  1075249   0.216
   217    12050  1080227   0.217
   218    12050  1085205   0.218
   219    12050  1090183   0.219
   220    12050  1095161   0.220
   221    12050  1100139   0.221
   222    12050  1105117   0.222
   223    12050  1110095   0.223
   224    12050  1115073   0.224
   225    12050  1120051   0.225
   226    12050  1125029   0.226
   227    12050  1130007   0.227
   228    12050  1134985   0.228
   229    12050  1139963   0.229
   230    12050  1144941   0.230
   231    12050  1149919   0.231
   232    12050  1154897   0.232
   233    12050  1159875   0.233
   234    12050  1164853   0.234
   235    12050  1169831   0.235
   236    12050  1174809   0.236
   237    12050  1179787   0.237
   238    12050  1184765   0.238
   239    12050  1189743   0.239
   240    12050  1194721   0.240
   241    12050  1199699   0.241
   242    12050  1204677   0.242
   243    12050  1209655   0.243
   244    12050  1214633   0.244
   245    12050  1219611   0.245
   246    12050  1224589   0.246
   247    12050  1229567   0.247
   248    12050  1234545   0.248
   249    12050  1239523   0.249
   250    12050  1244501   0.250
   251    12050  1249479   0.251
   252    12050  1254457   0.252
   253    12050  1259435   0.253
   254    12050  1264413   0.254
   255    12050  1269391   0.255
   256    12050  1274369   0.256
   257    12050  1279347   0.257
   258    12050  1284325   0.258
   259    12050  1289303   0.259
   260    12050  1294281   0.260
   261    12050  1299259   0.261
   262    12050  1304237   0.262
   263    12050  1309215   0.263
   264    12050  1314193   0.264
   265    12050  1319171   0.265
   266    12050  1324149   0.266
   267    12050  1329127   0.267
   268    12050  1334105   0.268
   269    12050  1339083   0.269
   270    12050  1344061   0.270
   271    12050  1349039   0.271
   272    12050  1354017   0.272
   273    12050  1358995   0.273
   274    12050  1363973   0.274
   275    12050  1368951   0.275
   276    12050  1373929   0.276
   277    12050  1378907   0.277
   278    12050  1383885   0.278
   279    12050  1388863   0.279
   280    12050  1393841   0.280
   281    12050  1398819   0.281
   282    12050  1403797   0.282
   283    12050  1408775   0.283
   284    12050  1413753   0.284
   285    12050  1418731   0.285
   286    12050  1423709   0.286
   287    12050  1428687   0.287
   288    12050  1433665   0.288
   289    12050  1438643   0.289
   290    12050  1443621   0.290
   291    12050  1448599   0.291
   292    12050  1453577   0.292
   293    12050  1458555   0.293
   294    12050  1463533   0.294
   295    12050  1468511   0.295
   296    12050  1473489   0.296
   297    12050  1478467   0.297
   298    12050  1483445   0.298
   299    12050  1488423   0.299
   300    12050  1493401   0.300
   301    12050  1498379   0.301
   302    12050  1503357   0.302
   303    12050  1508335   0.303
   304    12050  1513313   0.304
   305    12050  1518291   0.305
   306    12050  1523269   0.306
   307    12050  1528247   0.307
   308    12050  1533225   0.308
   309    12050  1538203   0.309
   310    12050  1543181   0.310
   311    12050  1548159   0.311
   312    12050  1553137   0.312
   313    12050  1558115   0.313
   314    12050  1563093   0.314
   315    12050  1568071   0.315
   316    12050  1573049   0.316
   317    12050  1578027   0.317
   318    12050  1583005   0.318
   319    12050  1587983   0.319
   320    12050  1592961   0.320
   321    12050  1597939   0.321
   322    12050  1602917   0.322
   323    12050  1607895   0.323
   324    12050  1612873   0.324
   325    12050  1617851   0.325
   326    12050  1622829   0.326
   327    12050  1627807   0.327
   328    12050  1632785   0.328
   329    12050  1637763   0.329
   330    12050  1642741   0.330
   331    12050  1647719   0.331
   332    12050  1652697   0.332
   333    12050  1657675   0.333
   334    12050  1662653   0.334
   335    12050  1667631   0.335
   336    12050  1672609   0.336
   337    12050  1677587   0.337
   338    12050  1682565   0.338
   339    12050  1687543   0.339
   340    12050  1692521   0.340
   341    12050  1697499   0.341
   342    12050  1702477   0.342
   343    12050  1707455   0.343
   344    12050  1712433   0.344
   345    12050  1717411   0.345
   346    12050  1722389   0.346
   347    12050  1727367   0.347
   348    12050  1732345   0.348
   349    12050  1737323   0.349
   350    12050  1742301   0.350
   351    12050  1747279   0.351
   352    12050  1752257   0.352
   353    12050  1757235   0.353
   354    12050  1762213   0.354
   355    12050  1767191   0.355
   356    12050  1772169   0.356
   357    12050  1777147   0.357
   358    12050  1782125   0.358
   359    12050  1787103   0.359
   360    12050  1792081   0.360
   361    12050  1797059   0.361
   362    12050  1802037   0.362
   363    12050  1807015   0.363
   364    12050  1811993   0.364
   365    12050  1816971   0.365
   366    12050  1821949   0.366
   367    12050  1826927   0.367
   368    12050  1831905   0.368
   369    12050  1836883   0.369
   370    12050  1841861   0.370
   371    12050  1846839   0.371
   372    12050  1851817   0.372
   373    12050  1856795   0.373
   374    12050  1861773   0.374
   375    12050  1866751   0.375
   376    12050  1871729   0.376
   377    12050  1876707   0.377
   378    12050  1881685   0.378
   379    12050  1886663   0.379
   380    12050  1891641   0.380
   381    12050  1896619   0.381
   382    12050  1901597   0.382
   383    12050  1906575   0.383
   384    12050  1911553   0.384
   385    12050  1916531   0.385
   386    12050  1921509   0.386
   387    12050  1926487   0.387
   388    12050  1931465   0.388
   389    12050  1936443   0.389
   390    12050  1941421   0.390
   391    12050  1946399   0.391
   392    12050  1951377   0.392
   393    12050  1956355   0.393
   394    12050  1961333   0.394
   395    12050  1966311   0.395
   396    12050  1971289   0.396
   397    12050  1976267   0.397
   398    12050  1981245   0.398
   399    12050  1986223   0.399
   400    12050  1991201   0.400
   401    12050  1996179   0.401
   402    12050  2001157   0.402
   403    12050  2006135   0.403
   404    12050  2011113   0.404
   405    12050  2016091   0.405
   406    12050  2021069   0.406
   407    12050  2026047   0.407
   408    12050  2031025   0.408
   409    12050  2036003   0.409
   410    12050  2040981   0.410
   411    12050  2045959   0.411
   412    12050  2050937   0.412
   413    12050  2055915   0.413
   414    12050  2060893   0.414
   415    12050  2065871   0.415
   416    12050  2070849   0.416
   417    12050  2075827   0.417
   418    12050  2080805   0.418
   419    12050  2085783   0.419
   420    12050  2090761   0.420
   421    12050  2095739   0.421
   422    12050  2100717   0.422
   423    12050  2105695   0.423
   424    12050  2110673   0.424
   425    12050  2115651   0.425
   426    12050  2120629   0.426
   427    12050  2125607   0.427
   428    12050  2130585   0.428
   429    12050  2135563   0.429
   430    12050  2140541   0.430
   431    12050  2145519   0.431
   432    12050  2150497   0.432
   433    12050  2155475   0.433
   434    12050  2160453   0.434
   435    12050  2165431   0.435
   436    12050  2170409   0.436
   437    12050  2175387   0.437
   438    12050  2180365   0.438
   439    12050  2185343   0.439
   440    12050  2190321   0.440
   441    12050  2195299   0.441
   442    12050  2200277   0.442
   443    12050  2205255   0.443
   444    12050  2210233   0.444
   445    12050  2215211   0.445
   446    12050  2220189   0.446
   447    12050  2225167   0.447
   448    12050  2230145   0.448
   449    12050  2235123   0.449
   450    12050  2240101   0.450
   451    12050  2245079   0.451
   452    12050  2250057   0.452
   453    12050  2255035   0.453
   454    12050  2260013   0.454
   455    12050  2264991   0.455
   456    12050  2269969   0.456
   457    12050  2274947   0.457
   458    12050  2279925   0.458
   459    12050  2284903   0.459
   460    12050  2289881   0.460
   461    12050  2294859   0.461
   462    12050  2299837   0.462
   463    12050  2304815   0.463
   464    12050  2309793   0.464
   465    12050  2314771   0.465
   466    12050  2319749   0.466
   467    12050  2324727   0.467
   468    12050  2329705   0.468
   469    12050  2334683   0.469
   470    12050  2339661   0.470
   471    12050  2344639   0.471
   472    12050  2349617   0.472
   473    12050  2354595   0.473
   474    12050  2359573   0.474
   475    12050  2364551   0.475
   476    12050  2369529   0.476
   477    12050  2374507   0.477
   478    12050  2379485   0.478
   479    12050  2384463   0.479
   480    12050  2389441   0.480
   481    12050  2394419   0.481
   482    12050  2399397   0.482
   483    12050  2404375   0.483
   484    12050  2409353   0.484
   485    12050  2414331   0.485
   486    12050  2419309   0.486
   487    12050  2424287   0.487
   488    12050  2429265   0.488
   489    12050  2434243   0.489
   490    12050  2439221   0.490
   491    12050  2444199   0.491
   492    12050  2449177   0.492
   493    12050  2454155   0.493
   494    12050  2459133   0.494
   495    12050  2464111   0.495
   496    12050  2469089   0.496
   497    12050  2474067   0.497
   498    12050  2479045   0.498
   499    12050  2484023   0.499
   500    12050  2489001   0.500
   501    12050  2493979   0.501
   502    12050  2498957   0.502
   503    12050  2503935   0.503
   504    12050  2508913   0.504
   505    12050  2513891   0.505
   506    12050  2518869   0.506
   507    12050  2523847   0.507
   508    12050  2528825   0.508
   509    12050  2533803   0.509
   510    12050  2538781   0.510
   511    12050  2543759   0.511
   512    12050  2548737   0.512
   513    12050  2553715   0.513
   514    12050  2558693   0.514
   515    12050  2563671   0.515
   516    12050  2568649   0.516
   517    12050  2573627   0.517
   518    12050  2578605   0.518
   519    12050  2583583   0.519
   520    12050  2588561   0.520
   521    12050  2593539   0.521
   522    12050  2598517   0.522
   523    12050  2603495   0.523
   524    12050  2608473   0.524
   525    12050  2613451   0.525
   526    12050  2618429   0.526
   527    12050  2623407   0.527
   528    12050  2628385   0.528
   529    12050  2633363   0.529
   530    12050  2638341   0.530
   531    12050  2643319   0.531
   532    12050  2648297   0.532
   533    12050  2653275   0.533
   534    12050  2658253   0.534
   535    12050  2663231   0.535
   536    12050  2668209   0.536
   537    12050  2673187   0.537
   538    12050  2678165   0.538
   539    12050  2683143   0.539
   540    12050  2688121   0.540
   541    12050  2693099   0.541
   542    12050  2698077   0.542
   543    12050  2703055   0.543
   544    12050  2708033   0.544
   545    12050  2713011   0.545
   546    12050  2717989   0.546
   547    12050  2722967   0.547
   548    12050  2727945   0.548
   549    12050  2732923   0.549
   550    12050  2737901   0.550
   551    12050  2742879   0.551
   552    12050  2747857   0.552
   553    12050  2752835   0.553
   554    12050  2757813   0.554
   555    12050  2762791   0.555
   556    12050  2767769   0.556
   557    12050  2772747   0.557
   558    12050  2777725   0.558
   559    12050  2782703   0.559
   560    12050  2787681   0.560
   561    12050  2792659   0.561
   562    12050  2797637   0.562
   563    12050  2802615   0.563
   564    12050  2807593   0.564
   565    12050  2812571   0.565
   566    12050  2817549   0.566
   567    12050  2822527   0.567
   568    12050  2827505   0.568
   569    12050  2832483   0.569
   570    12050  2837461   0.570
   571    12050  2842439   0.571
   572    12050  2847417   0.572
   573    12050  2852395   0.573
   574    12050  2857373   0.574
   575    12050  2862351   0.575
   576    12050  2867329   0.576
   577    12050  2872307   0.577
   578    12050  2877285   0.578
   579    12050  2882263   0.579
   580    12050  2887241   0.580
   581    12050  2892219   0.581
   582    12050  2897197   0.582
   583    12050  2902175   0.583
   584    12050  2907153   0.584
   585    12050  2912131   0.585
   586    12050  2917109   0.586
   587    12050  2922087   0.587
   588    12050  2927065   0.588
   589    12050  2932043   0.589
   590    12050  2937021   0.590
   591    12050  2941999   0.591
   592    12050  2946977   0.592
   593    12050  2951955   0.593
   594    12050  2956933   0.594
   595    12050  2961911   0.595
   596    12050  2966889   0.596
   597    12050  2971867   0.597
   598    12050  2976845   0.598
   599    12050  2981823   0.599
   600    12050  2986801   0.600
   601    12050  2991779   0.601
   602    12050  2996757   0.602
   603    12050  3001735   0.603
   604    12050  3006713   0.604
   605    12050  3011691   0.605
   606    12050  3016669   0.606
   607    12050  3021647   0.607
   608    12050  3026625   0.608
   609    12050  3031603   0.609
   610    12050  3036581   0.610
   611    12050  3041559   0.611
   612    12050  3046537   0.612
   613    12050  3051515   0.613
   614    12050  3056493   0.614
   615    12050  3061471   0.615
   616    12050  3066449   0.616
   617    12050  3071427   0.617
   618    12050  3076405   0.618
   619    12050  3081383   0.619
   620    12050  3086361   0.620
   621    12050  3091339   0.621
   622    12050  3096317   0.622
   623    12050  3101295   0.623
   624    12050  3106273   0.624
   625    12050  3111251   0.625
   626    12050  3116229   0.626
   627    12050  3121207   0.627
   628    12050  3126185   0.628
   629    12050  3131163   0.629
   630    12050  3136141   0.630
   631    12050  3141119   0.631
   632    12050  3146097   0.632
   633    12050  3151075   0.633
   634    12050  3156053   0.634
   635    12050  3161031   0.635
   636    12050  3166009   0.636
   637    12050  3170987   0.637
   638    12050  3175965   0.638
   639    12050  3180943   0.639
   640    12050  3185921   0.640
   641    12050  3190899   0.641
   642    12050  3195877   0.642
   643    12050  3200855   0.643
   644    12050  3205833   0.644
   645    12050  3210811   0.645
   646    12050  3215789   0.646
   647    12050  3220767   0.647
   648    12050  3225745   0.648
   649    12050  3230723   0.649
   650    12050  3235701   0.650
   651    12050  3240679   0.651
   652    12050  3245657   0.652
   653    12050  3250635   0.653
   654    12050  3255613   0.654
   655    12050  3260591   0.655
   656    12050  3265569   0.656
   657    12050  3270547   0.657
   658    12050  3275525   0.658
   659    12050  3280503   0.659
   660    12050  3285481   0.660
   661    12050  3290459   0.661
   662    12050  3295437   0.662
   663    12050  3300415   0.663
   664    12050  3305393   0.664
   665    12050  3310371   0.665
   666    12050  3315349   0.666
   667    12050  3320327   0.667
   668    12050  3325305   0.668
   669    12050  3330283   0.669
   670    12050  3335261   0.670
   671    12050  3340239   0.671
   672    12050  3345217   0.672
   673    12050  3350195   0.673
   674    12050  3355173   0.674
   675    12050  3360151   0.675
   676    12050  3365129   0.676
   677    12050  3370107   0.677
   678    12050  3375085   0.678
   679    12050  3380063   0.679
   680    12050  3385041   0.680
   681    12050  3390019   0.681
   682    12050  3394997   0.682
   683    12050  3399975   0.683
   684    12050  3404953   0.684
   685    12050  3409931   0.685
   686    12050  3414909   0.686
   687    12050  3419887   0.687
   688    12050  3424865   0.688
   689    12050  3429843   0.689
   690    12050  3434821   0.690
   691    12050  3439799   0.691
   692    12050  3444777   0.692
   693    12050  3449755   0.693
   694    12050  3454733   0.694
   695    12050  3459711   0.695
   696    12050  3464689   0.696
   697    12050  3469667   0.697
   698    12050  3474645   0.698
   699    12050  3479623   0.699
   700    12050  3484601   0.700
   701    12050  3489579   0.701
   702    12050  3494557   0.702
   703    12050  3499535   0.703
   704    12050  3504513   0.704
   705    12050  3509491   0.705
   706    12050  3514469   0.706
   707    12050  3519447   0.707
   708    12050  3524425   0.708
   709    12050  3529403   0.709
   710    12050  3534381   0.710
   711    12050  3539359   0.711
   712    12050  3544337   0.712
   713    12050  3549315   0.713
   714    12050  3554293   0.714
   715    12050  3559271   0.715
   716    12050  3564249   0.716
   717    12050  3569227   0.717
   718    12050  3574205   0.718
   719    12050  3579183   0.719
   720    12050  3584161   0.720
   721    12050  3589139   0.721
   722    12050  3594117   0.722
   723    12050  3599095   0.723
   724    12050  3604073   0.724
   725    12050  3609051   0.725
   726    12050  3614029   0.726
   727    12050  3619007   0.727
   728    12050  3623985   0.728
   729    12050  3628963   0.729
   730    12050  3633941   0.730
   731    12050  3638919   0.731
   732    12050  3643897   0.732
   733    12050  3648875   0.733
   734    12050  3653853   0.734
   735    12050  3658831   0.735
   736    12050  3663809   0.736
   737    12050  3668787   0.737
   738    12050  3673765   0.738
   739    12050  3678743   0.739
   740    12050  3683721   0.740
   741    12050  3688699   0.741
   742    12050  3693677   0.742
   743    12050  3698655   0.743
   744    12050  3703633   0.744
   745    12050  3708611   0.745
   746    12050  3713589   0.746
   747    12050  3718567   0.747
   748    12050  3723545   0.748
   749    12050  3728523   0.749
   750    12050  3733501   0.750
   751    12050  3738479   0.751
   752    12050  3743457   0.752
   753    12050  3748435   0.753
   754    12050  3753413   0.754
   755    12050  3758391   0.755
   756    12050  3763369   0.756
   757    12050  3768347   0.757
   758    12050  3773325   0.758
   759    12050  3778303   0.759
   760    12050  3783281   0.760
   761    12050  3788259   0.761
   762    12050  3793237   0.762
   763    12050  3798215   0.763
   764    12050  3803193   0.764
   765    12050  3808171   0.765
   766    12050  3813149   0.766
   767    12050  3818127   0.767
   768    12050  3823105   0.768
   769    12050  3828083   0.769
   770    12050  3833061   0.770
   771    12050  3838039   0.771
   772    12050  3843017   0.772
   773    12050  3847995   0.773
   774    12050  3852973   0.774
   775    12050  3857951   0.775
   776    12050  3862929   0.776
   777    12050  3867907   0.777
   778    12050  3872885   0.778
   779    12050  3877863   0.779
   780    12050  3882841   0.780
   781    12050  3887819   0.781
   782    12050  3892797   0.782
   783    12050  3897775   0.783
   784    12050  3902753   0.784
   785    12050  3907731   0.785
   786    12050  3912709   0.786
   787    12050  3917687   0.787
   788    12050  3922665   0.788
   789    12050  3927643   0.789
   790    12050  3932621   0.790
   791    12050  3937599   0.791
   792    12050  3942577   0.792
   793    12050  3947555   0.793
   794    12050  3952533   0.794
   795    12050  3957511   0.795
   796    12050  3962489   0.796
   797    12050  3967467   0.797
   798    12050  3972445   0.798
   799    12050  3977423   0.799
   800    12050  3982401   0.800
   801    12050  3987379   0.801
   802    12050  3992357   0.802
   803    12050  3997335   0.803
   804    12050  4002313   0.804
   805    12050  4007291   0.805
   806    12050  4012269   0.806
   807    12050  4017247   0.807
   808    12050  4022225   0.808
   809    12050  4027203   0.809
   810    12050  4032181   0.810
   811    12050  4037159   0.811
   812    12050  4042137   0.812
   813    12050  4047115   0.813
   814    12050  4052093   0.814
   815    12050  4057071   0.815
   816    12050  4062049   0.816
   817    12050  4067027   0.817
   818    12050  4072005   0.818
   819    12050  4076983   0.819
   820    12050  4081961   0.820
   821    12050  4086939   0.821
   822    12050  4091917   0.822
   823    12050  4096895   0.823
   824    12050  4101873   0.824
   825    12050  4106851   0.825
   826    12050  4111829   0.826
   827    12050  4116807   0.827
   828    12050  4121785   0.828
   829    12050  4126763   0.829
   830    12050  4131741   0.830
   831    12050  4136719   0.831
   832    12050  4141697   0.832
   833    12050  4146675   0.833
   834    12050  4151653   0.834
   835    12050  4156631   0.835
   836    12050  4161609   0.836
   837    12050  4166587   0.837
   838    12050  4171565   0.838
   839    12050  4176543   0.839
   840    12050  4181521   0.840
   841    12050  4186499   0.841
   842    12050  4191477   0.842
   843    12050  4196455   0.843
   844    12050  4201433   0.844
   845    12050  4206411   0.845
   846    12050  4211389   0.846
   847    12050  4216367   0.847
   848    12050  4221345   0.848
   849    12050  4226323   0.849
   850    12050  4231301   0.850
   851    12050  4236279   0.851
   852    12050  4241257   0.852
   853    12050  4246235   0.853
   854    12050  4251213   0.854
   855    12050  4256191   0.855
   856    12050  4261169   0.856
   857    12050  4266147   0.857
   858    12050  4271125   0.858
   859    12050  4276103   0.859
   860    12050  4281081   0.860
   861    12050  4286059   0.861
   862    12050  4291037   0.862
   863    12050  4296015   0.863
   864    12050  4300993   0.864
   865    12050  4305971   0.865
   866    12050  4310949   0.866
   867    12050  4315927   0.867
   868    12050  4320905   0.868
   869    12050  4325883   0.869
   870    12050  4330861   0.870
   871    12050  4335839   0.871
   872    12050  4340817   0.872
   873    12050  4345795   0.873
   874    12050  4350773   0.874
   875    12050  4355751   0.875
   876    12050  4360729   0.876
   877    12050  4365707   0.877
   878    12050  4370685   0.878
   879    12050  4375663   0.879
   880    12050  4380641   0.880
   881    12050  4385619   0.881
   882    12050  4390597   0.882
   883    12050  4395575   0.883
   884    12050  4400553   0.884
   885    12050  4405531   0.885
   886    12050  4410509   0.886
   887    12050  4415487   0.887
   888    12050  4420465   0.888
   889    12050  4425443   0.889
   890    12050  4430421   0.890
   891    12050  4435399   0.891
   892    12050  4440377   0.892
   893    12050  4445355   0.893
   894    12050  4450333   0.894
   895    12050  4455311   0.895
   896    12050  4460289   0.896
   897    12050  4465267   0.897
   898    12050  4470245   0.898
   899    12050  4475223   0.899
   900    12050  4480201   0.900
   901    12050  4485179   0.901
   902    12050  4490157   0.902
   903    12050  4495135   0.903
   904    12050  4500113   0.904
   905    12050  4505091   0.905
   906    12050  4510069   0.906
   907    12050  4515047   0.907
   908    12050  4520025   0.908
   909    12050  4525003   0.909
   910    12050  4529981   0.910
   911    12050  4534959   0.911
   912    12050  4539937   0.912
   913    12050  4544915   0.913
   914    12050  4549893   0.914
   915    12050  4554871   0.915
   916    12050  4559849   0.916
   917    12050  4564827   0.917
   918    12050  4569805   0.918
   919    12050  4574783   0.919
   920    12050  4579761   0.920
   921    12050  4584739   0.921
   922    12050  4589717   0.922
   923    12050  4594695   0.923
   924    12050  4599673   0.924
   925    12050  4604651   0.925
   926    12050  4609629   0.926
   927    12050  4614607   0.927
   928    12050  4619585   0.928
   929    12050  4624563   0.929
   930    12050  4629541   0.930
   931    12050  4634519   0.931
   932    12050  4639497   0.932
   933    12050  4644475   0.933
   934    12050  4649453   0.934
   935    12050  4654431   0.935
   936    12050  4659409   0.936
   937    12050  4664387   0.937
   938    12050  4669365   0.938
   939    12050  4674343   0.939
   940    12050  4679321   0.940
   941    12050  4684299   0.941
   942    12050  4689277   0.942
   943    12050  4694255   0.943
   944    12050  4699233   0.944
   945    12050  4704211   0.945
   946    12050  4709189   0.946
   947    12050  4714167   0.947
   948    12050  4719145   0.948
   949    12050  4724123   0.949
   950    12050  4729101   0.950
   951    12050  4734079   0.951
   952    12050  4739057   0.952
   953    12050  4744035   0.953
   954    12050  4749013   0.954
   955    12050  4753991   0.955
   956    12050  4758969   0.956
   957    12050  4763947   0.957
   958    12050  4768925   0.958
   959    12050  4773903   0.959
   960    12050  4778881   0.960
   961    12050  4783859   0.961
   962    12050  4788837   0.962
   963    12050  4793815   0.963
   964    12050  4798793   0.964
   965    12050  4803771   0.965
   966    12050  4808749   0.966
   967    12050  4813727   0.967
   968    12050  4818705   0.968
   969    12050  4823683   0.969
   970    12050  4828661   0.970
   971    12050  4833639   0.971
   972    12050  4838617   0.972
   973    12050  4843595   0.973
   974    12050  4848573   0.974
   975    12050  4853551   0.975
   976    12050  4858529   0.976
   977    12050  4863507   0.977
   978    12050  4868485   0.978
   979    12050  4873463   0.979
   980    12050  4878441   0.980
   981    12050  4883419   0.981
   982    12050  4888397   0.982
   983    12050  4893375   0.983
   984    12050  4898353   0.984
   985    12050  4903331   0.985
   986    12050  4908309   0.986
   987    12050  4913287   0.987
   988    12050  4918265   0.988
   989    12050  4923243   0.989
   990    12050  4928221   0.990
   991    12050  4933199   0.991
   992    12050  4938177   0.992
   993    12050  4943155   0.993
   994    12050  4948133   0.994
   995    12050  4953111   0.995
   996    12050  4958089   0.996
   997    12050  4963067   0.997
   998    12050  4968045   0.998
   999    12050  4973023   0.999
  1000    12050  4978001   1.000
  1001    12050  4982979   1.001
  1002    12050  4987957   1.002
  1003    12050  4992935   1.003
  1004    12050  4997913   1.004
  1005    12050  5002891   1.005
  1006    12050  5007869   1.006
  1007    12050  5012847   1.007
  1008    12050  5017825   1.008
  1009    12050  5022803   1.009
  1010    12050  5027781   1.010
  1011    12050  5032759   1.011
  1012    12050  5037737   1.012
  1013    12050  5042715   1.013
  1014    12050  5047693   1.014
  1015    12050  5052671   1.015
  1016    12050  5057649   1.016
  1017    12050  5062627   1.017
  1018    12050  5067605   1.018
  1019    12050  5072583   1.019
  1020    12050  5077561   1.020
  1021    12050  5082539   1.021
  1022    12050  5087517   1.022
  1023    12050  5092495   1.023
  1024    12050  5097473   1.024
  1025    12050  5102451   1.025
  1026    12050  5107429   1.026
  1027    12050  5112407   1.027
  1028    12050  5117385   1.028
  1029    12050  5122363   1.029
  1030    12050  5127341   1.030
  1031    12050  5132319   1.031
  1032    12050  5137297   1.032
  1033    12050  5142275   1.033
  1034    12050  5147253   1.034
  1035    12050  5152231   1.035
  1036    12050  5157209   1.036
  1037    12050  5162187   1.037
  1038    12050  5167165   1.038
  1039    12050  5172143   1.039
  1040    12050  5177121   1.040
  1041    12050  5182099   1.041
  1042    12050  5187077   1.042
  1043    12050  5192055   1.043
  1044    12050  5197033   1.044
  1045    12050  5202011   1.045
  1046    12050  5206989   1.046
  1047    12050  5211967   1.047
  1048    12050  5216945   1.048
  1049    12050  5221923   1.049
  1050    12050  5226901   1.050
  1051    12050  5231879   1.051
  1052    12050  5236857   1.052
  1053    12050  5241835   1.053
  1054    12050  5246813   1.054
  1055    12050  5251791   1.055
  1056    12050  5256769   1.056
  1057    12050  5261747   1.057
  1058    12050  5266725   1.058
  1059    12050  5271703   1.059
  1060    12050  5276681   1.060
  1061    12050  5281659   1.061
  1062    12050  5286637   1.062
  1063    12050  5291615   1.063
  1064    12050  5296593   1.064
  1065    12050  5301571   1.065
  1066    12050  5306549   1.066
  1067    12050  5311527   1.067
  1068    12050  5316505   1.068
  1069    12050  5321483   1.069
  1070    12050  5326461   1.070
  1071    12050  5331439   1.071
  1072    12050  5336417   1.072
  1073    12050  5341395   1.073
  1074    12050  5346373   1.074
  1075    12050  5351351   1.075
  1076    12050  5356329   1.076
  1077    12050  5361307   1.077
  1078    12050  5366285   1.078
  1079    12050  5371263   1.079
  1080    12050  5376241   1.080
  1081    12050  5381219   1.081
  1082    12050  5386197   1.082
  1083    12050  5391175   1.083
  1084    12050  5396153   1.084
  1085    12050  5401131   1.085
  1086    12050  5406109   1.086
  1087    12050  5411087   1.087
  1088    12050  5416065   1.088
  1089    12050  5421043   1.089
  1090    12050  5426021   1.090
  1091    12050  5430999   1.091
  1092    12050  5435977   1.092
  1093    12050  5440955   1.093
  1094    12050  5445933   1.094
  1095    12050  5450911   1.095
  1096    12050  5455889   1.096
  1097    12050  5460867   1.097
  1098    12050  5465845   1.098
  1099    12050  5470823   1.099
  1100    12050  5475801   1.100
  1101    12050  5480779   1.101
  1102    12050  5485757   1.102
  1103    12050  5490735   1.103
  1104    12050  5495713   1.104
  1105    12050  5500691   1.105
  1106    12050  5505669   1.106
  1107    12050  5510647   1.107
  1108    12050  5515625   1.108
  1109    12050  5520603   1.109
  1110    12050  5525581   1.110
  1111    12050  5530559   1.111
  1112    12050  5535537   1.112
  1113    12050  5540515   1.113
  1114    12050  5545493   1.114
  1115    12050  5550471   1.115
  1116    12050  5555449   1.116
  1117    12050  5560427   1.117
  1118    12050  5565405   1.118
  1119    12050  5570383   1.119
  1120    12050  5575361   1.120
  1121    12050  5580339   1.121
  1122    12050  5585317   1.122
  1123    12050  5590295   1.123
  1124    12050  5595273   1.124
  1125    12050  5600251   1.125
  1126    12050  5605229   1.126
  1127    12050  5610207   1.127
  1128    12050  5615185   1.128
  1129    12050  5620163   1.129
  1130    12050  5625141   1.130
  1131    12050  5630119   1.131
  1132    12050  5635097   1.132
  1133    12050  5640075   1.133
  1134    12050  5645053   1.134
  1135    12050  5650031   1.135
  1136    12050  5655009   1.136
  1137    12050  5659987   1.137
  1138    12050  5664965   1.138
  1139    12050  5669943   1.139
  1140    12050  5674921   1.140
  1141    12050  5679899   1.141
  1142    12050  5684877   1.142
  1143    12050  5689855   1.143
  1144    12050  5694833   1.144
  1145    12050  5699811   1.145
  1146    12050  5704789   1.146
  1147    12050  5709767   1.147
  1148    12050  5714745   1.148
  1149    12050  5719723   1.149
  1150    12050  5724701   1.150
  1151    12050  5729679   1.151
  1152    12050  5734657   1.152
  1153    12050  5739635   1.153
  1154    12050  5744613   1.154
  1155    12050  5749591   1.155
  1156    12050  5754569   1.156
  1157    12050  5759547   1.157
  1158    12050  5764525   1.158
  1159    12050  5769503   1.159
  1160    12050  5774481   1.160
  1161    12050  5779459   1.161
  1162    12050  5784437   1.162
  1163    12050  5789415   1.163
  1164    12050  5794393   1.164
  1165    12050  5799371   1.165
  1166    12050  5804349   1.166
  1167    12050  5809327   1.167
  1168    12050  5814305   1.168
  1169    12050  5819283   1.169
  1170    12050  5824261   1.170
  1171    12050  5829239   1.171
  1172    12050  5834217   1.172
  1173    12050  5839195   1.173
  1174    12050  5844173   1.174
  1175    12050  5849151   1.175
  1176    12050  5854129   1.176
  1177    12050  5859107   1.177
  1178    12050  5864085   1.178
  1179    12050  5869063   1.179
  1180    12050  5874041   1.180
  1181    12050  5879019   1.181
  1182    12050  5883997   1.182
  1183    12050  5888975   1.183
  1184    12050  5893953   1.184
  1185    12050  5898931   1.185
  1186    12050  5903909   1.186
  1187    12050  5908887   1.187
  1188    12050  5913865   1.188
  1189    12050  5918843   1.189
  1190    12050  5923821   1.190
  1191    12050  5928799   1.191
  1192    12050  5933777   1.192
  1193    12050  5938755   1.193
  1194    12050  5943733   1.194
  1195    12050  5948711   1.195
  1196    12050  5953689   1.196
  1197    12050  5958667   1.197
  1198    12050  5963645   1.198
  1199    12050  5968623   1.199
  1200    12050  5973601   1.200
  1201    12050  5978579   1.201
  1202    12050  5983557   1.202
  1203    12050  5988535   1.203
  1204    12050  5993513   1.204
  1205    12050  5998491   1.205
  1206    12050  6003469   1.206
  1207    12050  6008447   1.207
  1208    12050  6013425   1.208
  1209    12050  6018403   1.209
  1210    12050  6023381   1.210
  1211    12050  6028359   1.211
  1212    12050  6033337   1.212
  1213    12050  6038315   1.213
  1214    12050  6043293   1.214
  1215    12050  6048271   1.215
  1216    12050  6053249   1.216
  1217    12050  6058227   1.217
  1218    12050  6063205   1.218
  1219    12050  6068183   1.219
  1220    12050  6073161   1.220
  1221    12050  6078139   1.221
  1222    12050  6083117   1.222
  1223    12050  6088095   1.223
  1224    12050  6093073   1.224
  1225    12050  6098051   1.225
  1226    12050  6103029   1.226
  1227    12050  6108007   1.227
  1228    12050  6112985   1.228
  1229    12050  6117963   1.229
  1230    12050  6122941   1.230
  1231    12050  6127919   1.231
  1232    12050  6132897   1.232
  1233    12050  6137875   1.233
  1234    12050  6142853   1.234
  1235    12050  6147831   1.235
  1236    12050  6152809   1.236
  1237    12050  6157787   1.237
  1238    12050  6162765   1.238
  1239    12050  6167743   1.239
  1240    12050  6172721   1.240
  1241    12050  6177699   1.241
  1242    12050  6182677   1.242
  1243    12050  6187655   1.243
  1244    12050  6192633   1.244
  1245    12050  6197611   1.245
  1246    12050  6202589   1.246
  1247    12050  6207567   1.247
  1248    12050  6212545   1.248
  1249    12050  6217523   1.249
  1250    12050  6222501   1.250
  1251    12050  6227479   1.251
  1252    12050  6232457   1.252
  1253    12050  6237435   1.253
  1254    12050  6242413   1.254
  1255    12050  6247391   1.255
  1256    12050  6252369   1.256
  1257    12050  6257347   1.257
  1258    12050  6262325   1.258
  1259    12050  6267303   1.259
  1260    12050  6272281   1.260
  1261    12050  6277259   1.261
  1262    12050  6282237   1.262
  1263    12050  6287215   1.263
  1264    12050  6292193   1.264
  1265    12050  6297171   1.265
  1266    12050  6302149   1.266
  1267    12050  6307127   1.267
  1268    12050  6312105   1.268
  1269    12050  6317083   1.269
  1270    12050  6322061   1.270
  1271    12050  6327039   1.271
  1272    12050  6332017   1.272
  1273    12050  6336995   1.273
  1274    12050  6341973   1.274
  1275    12050  6346951   1.275
  1276    12050  6351929   1.276
  1277    12050  6356907   1.277
  1278    12050  6361885   1.278
  1279    12050  6366863   1.279
  1280    12050  6371841   1.280
  1281    12050  6376819   1.281
  1282    12050  6381797   1.282
  1283    12050  6386775   1.283
  1284    12050  6391753   1.284
  1285    12050  6396731   1.285
  1286    12050  6401709   1.286
  1287    12050  6406687   1.287
  1288    12050  6411665   1.288
  1289    12050  6416643   1.289
  1290    12050  6421621   1.290
  1291    12050  6426599   1.291
  1292    12050  6431577   1.292
  1293    12050  6436555   1.293
  1294    12050  6441533   1.294
  1295    12050  6446511   1.295
  1296    12050  6451489   1.296
  1297    12050  6456467   1.297
  1298    12050  6461445   1.298
  1299    12050  6466423   1.299
  1300    12050  6471401   1.300
  1301    12050  6476379   1.301
  1302    12050  6481357   1.302
  1303    12050  6486335   1.303
  1304    12050  6491313   1.304
  1305    12050  6496291   1.305
  1306    12050  6501269   1.306
  1307    12050  6506247   1.307
  1308    12050  6511225   1.308
  1309    12050  6516203   1.309
  1310    12050  6521181   1.310
  1311    12050  6526159   1.311
  1312    12050  6531137   1.312
  1313    12050  6536115   1.313
  1314    12050  6541093   1.314
  1315    12050  6546071   1.315
  1316    12050  6551049   1.316
  1317    12050  6556027   1.317
  1318    12050  6561005   1.318
  1319    12050  6565983   1.319
  1320    12050  6570961   1.320
  1321    12050  6575939   1.321
  1322    12050  6580917   1.322
  1323    12050  6585895   1.323
  1324    12050  6590873   1.324
  1325    12050  6595851   1.325
  1326    12050  6600829   1.326
  1327    12050  6605807   1.327
  1328    12050  6610785   1.328
  1329    12050  6615763   1.329
  1330    12050  6620741   1.330
  1331    12050  6625719   1.331
  1332    12050  6630697   1.332
  1333    12050  6635675   1.333
  1334    12050  6640653   1.334
  1335    12050  6645631   1.335
  1336    12050  6650609   1.336
  1337    12050  6655587   1.337
  1338    12050  6660565   1.338
  1339    12050  6665543   1.339
  1340    12050  6670521   1.340
  1341    12050  6675499   1.341
  1342    12050  6680477   1.342
  1343    12050  6685455   1.343
  1344    12050  6690433   1.344
  1345    12050  6695411   1.345
  1346    12050  6700389   1.346
  1347    12050  6705367   1.347
  1348    12050  6710345   1.348
  1349    12050  6715323   1.349
  1350    12050  6720301   1.350
  1351    12050  6725279   1.351
  1352    12050  6730257   1.352
  1353    12050  6735235   1.353
  1354    12050  6740213   1.354
  1355    12050  6745191   1.355
  1356    12050  6750169   1.356
  1357    12050  6755147   1.357
  1358    12050  6760125   1.358
  1359    12050  6765103   1.359
  1360    12050  6770081   1.360
  1361    12050  6775059   1.361
  1362    12050  6780037   1.362
  1363    12050  6785015   1.363
  1364    12050  6789993   1.364
  1365    12050  6794971   1.365
  1366    12050  6799949   1.366
  1367    12050  6804927   1.367
  1368    12050  6809905   1.368
  1369    12050  6814883   1.369
  1370    12050  6819861   1.370
  1371    12050  6824839   1.371
  1372    12050  6829817   1.372
  1373    12050  6834795   1.373
  1374    12050  6839773   1.374
  1375    12050  6844751   1.375
  1376    12050  6849729   1.376
  1377    12050  6854707   1.377
  1378    12050  6859685   1.378
  1379    12050  6864663   1.379
  1380    12050  6869641   1.380
  1381    12050  6874619   1.381
  1382    12050  6879597   1.382
  1383    12050  6884575   1.383
  1384    12050  6889553   1.384
  1385    12050  6894531   1.385
  1386    12050  6899509   1.386
  1387    12050  6904487   1.387
  1388    12050  6909465   1.388
  1389    12050  6914443   1.389
  1390    12050  6919421   1.390
  1391    12050  6924399   1.391
  1392    12050  6929377   1.392
  1393    12050  6934355   1.393
  1394    12050  6939333   1.394
  1395    12050  6944311   1.395
  1396    12050  6949289   1.396
  1397    12050  6954267   1.397
  1398    12050  6959245   1.398
  1399    12050  6964223   1.399
  1400    12050  6969201   1.400
  1401    12050  6974179   1.401
  1402    12050  6979157   1.402
  1403    12050  6984135   1.403
  1404    12050  6989113   1.404
  1405    12050  6994091   1.405
  1406    12050  6999069   1.406
  1407    12050  7004047   1.407
  1408    12050  7009025   1.408
  1409    12050  7014003   1.409
  1410    12050  7018981   1.410
  1411    12050  7023959   1.411
  1412    12050  7028937   1.412
  1413    12050  7033915   1.413
  1414    12050  7038893   1.414
  1415    12050  7043871   1.415
  1416    12050  7048849   1.416
  1417    12050  7053827   1.417
  1418    12050  7058805   1.418
  1419    12050  7063783   1.419
  1420    12050  7068761   1.420
  1421    12050  7073739   1.421
  1422    12050  7078717   1.422
  1423    12050  7083695   1.423
  1424    12050  7088673   1.424
  1425    12050  7093651   1.425
  1426    12050  7098629   1.426
  1427    12050  7103607   1.427
  1428    12050  7108585   1.428
  1429    12050  7113563   1.429
  1430    12050  7118541   1.430
  1431    12050  7123519   1.431
  1432    12050  7128497   1.432
  1433    12050  7133475   1.433
  1434    12050  7138453   1.434
  1435    12050  7143431   1.435
  1436    12050  7148409   1.436
  1437    12050  7153387   1.437
  1438    12050  7158365   1.438
  1439    12050  7163343   1.439
  1440    12050  7168321   1.440
  1441    12050  7173299   1.441
  1442    12050  7178277   1.442
  1443    12050  7183255   1.443
  1444    12050  7188233   1.444
  1445    12050  7193211   1.445
  1446    12050  7198189   1.446
  1447    12050  7203167   1.447
  1448    12050  7208145   1.448
  1449    12050  7213123   1.449
  1450    12050  7218101   1.450
  1451    12050  7223079   1.451
  1452    12050  7228057   1.452
  1453    12050  7233035   1.453
  1454    12050  7238013   1.454
  1455    12050  7242991   1.455
  1456    12050  7247969   1.456
  1457    12050  7252947   1.457
  1458    12050  7257925   1.458
  1459    12050  7262903   1.459
  1460    12050  7267881   1.460
  1461    12050  7272859   1.461
  1462    12050  7277837   1.462
  1463    12050  7282815   1.463
  1464    12050  7287793   1.464
  1465    12050  7292771   1.465
  1466    12050  7297749   1.466
  1467    12050  7302727   1.467
  1468    12050  7307705   1.468
  1469    12050  7312683   1.469
  1470    12050  7317661   1.470
  1471    12050  7322639   1.471
  1472    12050  7327617   1.472
  1473    12050  7332595   1.473
  1474    12050  7337573   1.474
  1475    12050  7342551   1.475
  1476    12050  7347529   1.476
  1477    12050  7352507   1.477
  1478    12050  7357485   1.478
  1479    12050  7362463   1.479
  1480    12050  7367441   1.480
  1481    12050  7372419   1.481
  1482    12050  7377397   1.482
  1483    12050  7382375   1.483
  1484    12050  7387353   1.484
  1485    12050  7392331   1.485
  1486    12050  7397309   1.486
  1487    12050  7402287   1.487
  1488    12050  7407265   1.488
  1489    12050  7412243   1.489
  1490    12050  7417221   1.490
  1491    12050  7422199   1.491
  1492    12050  7427177   1.492
  1493    12050  7432155   1.493
  1494    12050  7437133   1.494
  1495    12050  7442111   1.495
  1496    12050  7447089   1.496
  1497    12050  7452067   1.497
  1498    12050  7457045   1.498
  1499    12050  7462023   1.499
  1500    12050  7467001   1.500
  1501    12050  7471979   1.501
  1502    12050  7476957   1.502
  1503    12050  7481935   1.503
  1504    12050  7486913   1.504
  1505    12050  7491891   1.505
  1506    12050  7496869   1.506
  1507    12050  7501847   1.507
  1508    12050  7506825   1.508
  1509    12050  7511803   1.509
  1510    12050  7516781   1.510
  1511    12050  7521759   1.511
  1512    12050  7526737   1.512
  1513    12050  7531715   1.513
  1514    12050  7536693   1.514
  1515    12050  7541671   1.515
  1516    12050  7546649   1.516
  1517    12050  7551627   1.517
  1518    12050  7556605   1.518
  1519    12050  7561583   1.519
  1520    12050  7566561   1.520
  1521    12050  7571539   1.521
  1522    12050  7576517   1.522
  1523    12050  7581495   1.523
  1524    12050  7586473   1.524
  1525    12050  7591451   1.525
  1526    12050  7596429   1.526
  1527    12050  7601407   1.527
  1528    12050  7606385   1.528
  1529    12050  7611363   1.529
  1530    12050  7616341   1.530
  1531    12050  7621319   1.531
  1532    12050  7626297   1.532
  1533    12050  7631275   1.533
  1534    12050  7636253   1.534
  1535    12050  7641231   1.535
  1536    12050  7646209   1.536
  1537    12050  7651187   1.537
  1538    12050  7656165   1.538
  1539    12050  7661143   1.539
  1540    12050  7666121   1.540
  1541    12050  7671099   1.541
  1542    12050  7676077   1.542
  1543    12050  7681055   1.543
  1544    12050  7686033   1.544
  1545    12050  7691011   1.545
  1546    12050  7695989   1.546
  1547    12050  7700967   1.547
  1548    12050  7705945   1.548
  1549    12050  7710923   1.549
  1550    12050  7715901   1.550
  1551    12050  7720879   1.551
  1552    12050  7725857   1.552
  1553    12050  7730835   1.553
  1554    12050  7735813   1.554
  1555    12050  7740791   1.555
  1556    12050  7745769   1.556
  1557    12050  7750747   1.557
  1558    12050  7755725   1.558
  1559    12050  7760703   1.559
  1560    12050  7765681   1.560
  1561    12050  7770659   1.561
  1562    12050  7775637   1.562
  1563    12050  7780615   1.563
  1564    12050  7785593   1.564
  1565    12050  7790571   1.565
  1566    12050  7795549   1.566
  1567    12050  7800527   1.567
  1568    12050  7805505   1.568
  1569    12050  7810483   1.569
  1570    12050  7815461   1.570
  1571    12050  7820439   1.571
  1572    12050  7825417   1.572
  1573    12050  7830395   1.573
  1574    12050  7835373   1.574
  1575    12050  7840351   1.575
  1576    12050  7845329   1.576
  1577    12050  7850307   1.577
  1578    12050  7855285   1.578
  1579    12050  7860263   1.579
  1580    12050  7865241   1.580
  1581    12050  7870219   1.581
  1582    12050  7875197   1.582
  1583    12050  7880175   1.583
  1584    12050  7885153   1.584
  1585    12050  7890131   1.585
  1586    12050  7895109   1.586
  1587    12050  7900087   1.587
  1588    12050  7905065   1.588
  1589    12050  7910043   1.589
  1590    12050  7915021   1.590
  1591    12050  7919999   1.591
  1592    12050  7924977   1.592
  1593    12050  7929955   1.593
  1594    12050  7934933   1.594
  1595    12050  7939911   1.595
  1596    12050  7944889   1.596
  1597    12050  7949867   1.597
  1598    12050  7954845   1.598
  1599    12050  7959823   1.599
  1600    12050  7964801   1.600
  1601    12050  7969779   1.601
  1602    12050  7974757   1.602
  1603    12050  7979735   1.603
  1604    12050  7984713   1.604
  1605    12050  7989691   1.605
  1606    12050  7994669   1.606
  1607    12050  7999647   1.607
  1608    12050  8004625   1.608
  1609    12050  8009603   1.609
  1610    12050  8014581   1.610
  1611    12050  8019559   1.611
  1612    12050  8024537   1.612
  1613    12050  8029515   1.613
  1614    12050  8034493   1.614
  1615    12050  8039471   1.615
  1616    12050  8044449   1.616
  1617    12050  8049427   1.617
  1618    12050  8054405   1.618
  1619    12050  8059383   1.619
  1620    12050  8064361   1.620
  1621    12050  8069339   1.621
  1622    12050  8074317   1.622
  1623    12050  8079295   1.623
  1624    12050  8084273   1.624
  1625    12050  8089251   1.625
  1626    12050  8094229   1.626
  1627    12050  8099207   1.627
  1628    12050  8104185   1.628
  1629    12050  8109163   1.629
  1630    12050  8114141   1.630
  1631    12050  8119119   1.631
  1632    12050  8124097   1.632
  1633    12050  8129075   1.633
  1634    12050  8134053   1.634
  1635    12050  8139031   1.635
  1636    12050  8144009   1.636
  1637    12050  8148987   1.637
  1638    12050  8153965   1.638
  1639    12050  8158943   1.639
  1640    12050  8163921   1.640
  1641    12050  8168899   1.641
  1642    12050  8173877   1.642
  1643    12050  8178855   1.643
  1644    12050  8183833   1.644
  1645    12050  8188811   1.645
  1646    12050  8193789   1.646
  1647    12050  8198767   1.647
  1648    12050  8203745   1.648
  1649    12050  8208723   1.649
  1650    12050  8213701   1.650
  1651    12050  8218679   1.651
  1652    12050  8223657   1.652
  1653    12050  8228635   1.653
  1654    12050  8233613   1.654
  1655    12050  8238591   1.655
  1656    12050  8243569   1.656
  1657    12050  8248547   1.657
  1658    12050  8253525   1.658
  1659    12050  8258503   1.659
  1660    12050  8263481   1.660
  1661    12050  8268459   1.661
  1662    12050  8273437   1.662
  1663    12050  8278415   1.663
  1664    12050  8283393   1.664
  1665    12050  8288371   1.665
  1666    12050  8293349   1.666
  1667    12050  8298327   1.667
  1668    12050  8303305   1.668
  1669    12050  8308283   1.669
  1670    12050  8313261   1.670
  1671    12050  8318239   1.671
  1672    12050  8323217   1.672
  1673    12050  8328195   1.673
  1674    12050  8333173   1.674
  1675    12050  8338151   1.675
  1676    12050  8343129   1.676
  1677    12050  8348107   1.677
  1678    12050  8353085   1.678
  1679    12050  8358063   1.679
  1680    12050  8363041   1.680
  1681    12050  8368019   1.681
  1682    12050  8372997   1.682
  1683    12050  8377975   1.683
  1684    12050  8382953   1.684
  1685    12050  8387931   1.685
  1686    12050  8392909   1.686
  1687    12050  8397887   1.687
  1688    12050  8402865   1.688
  1689    12050  8407843   1.689
  1690    12050  8412821   1.690
  1691    12050  8417799   1.691
  1692    12050  8422777   1.692
  1693    12050  8427755   1.693
  1694    12050  8432733   1.694
  1695    12050  8437711   1.695
  1696    12050  8442689   1.696
  1697    12050  8447667   1.697
  1698    12050  8452645   1.698
  1699    12050  8457623   1.699
  1700    12050  8462601   1.700
  1701    12050  8467579   1.701
  1702    12050  8472557   1.702
  1703    12050  8477535   1.703
  1704    12050  8482513   1.704
  1705    12050  8487491   1.705
  1706    12050  8492469   1.706
  1707    12050  8497447   1.707
  1708    12050  8502425   1.708
  1709    12050  8507403   1.709
  1710    12050  8512381   1.710
  1711    12050  8517359   1.711
  1712    12050  8522337   1.712
  1713    12050  8527315   1.713
  1714    12050  8532293   1.714
  1715    12050  8537271   1.715
  1716    12050  8542249   1.716
  1717    12050  8547227   1.717
  1718    12050  8552205   1.718
  1719    12050  8557183   1.719
  1720    12050  8562161   1.720
  1721    12050  8567139   1.721
  1722    12050  8572117   1.722
  1723    12050  8577095   1.723
  1724    12050  8582073   1.724
  1725    12050  8587051   1.725
  1726    12050  8592029   1.726
  1727    12050  8597007   1.727
  1728    12050  8601985   1.728
  1729    12050  8606963   1.729
  1730    12050  8611941   1.730
  1731    12050  8616919   1.731
  1732    12050  8621897   1.732
  1733    12050  8626875   1.733
  1734    12050  8631853   1.734
  1735    12050  8636831   1.735
  1736    12050  8641809   1.736
  1737    12050  8646787   1.737
  1738    12050  8651765   1.738
  1739    12050  8656743   1.739
  1740    12050  8661721   1.740
  1741    12050  8666699   1.741
  1742    12050  8671677   1.742
  1743    12050  8676655   1.743
  1744    12050  8681633   1.744
  1745    12050  8686611   1.745
  1746    12050  8691589   1.746
  1747    12050  8696567   1.747
  1748    12050  8701545   1.748
  1749    12050  8706523   1.749
  1750    12050  8711501   1.750
  1751    12050  8716479   1.751
  1752    12050  8721457   1.752
  1753    12050  8726435   1.753
  1754    12050  8731413   1.754
  1755    12050  8736391   1.755
  1756    12050  8741369   1.756
  1757    12050  8746347   1.757
  1758    12050  8751325   1.758
  1759    12050  8756303   1.759
  1760    12050  8761281   1.760
  1761    12050  8766259   1.761
  1762    12050  8771237   1.762
  1763    12050  8776215   1.763
  1764    12050  8781193   1.764
  1765    12050  8786171   1.765
  1766    12050  8791149   1.766
  1767    12050  8796127   1.767
  1768    12050  8801105   1.768
  1769    12050  8806083   1.769
  1770    12050  8811061   1.770
  1771    12050  8816039   1.771
  1772    12050  8821017   1.772
  1773    12050  8825995   1.773
  1774    12050  8830973   1.774
  1775    12050  8835951   1.775
  1776    12050  8840929   1.776
  1777    12050  8845907   1.777
  1778    12050  8850885   1.778
  1779    12050  8855863   1.779
  1780    12050  8860841   1.780
  1781    12050  8865819   1.781
  1782    12050  8870797   1.782
  1783    12050  8875775   1.783
  1784    12050  8880753   1.784
  1785    12050  8885731   1.785
  1786    12050  8890709   1.786
  1787    12050  8895687   1.787
  1788    12050  8900665   1.788
  1789    12050  8905643   1.789
  1790    12050  8910621   1.790
  1791    12050  8915599   1.791
  1792    12050  8920577   1.792
  1793    12050  8925555   1.793
  1794    12050  8930533   1.794
  1795    12050  8935511   1.795
  1796    12050  8940489   1.796
  1797    12050  8945467   1.797
  1798    12050  8950445   1.798
  1799    12050  8955423   1.799
  1800    12050  8960401   1.800
  1801    12050  8965379   1.801
  1802    12050  8970357   1.802
  1803    12050  8975335   1.803
  1804    12050  8980313   1.804
  1805    12050  8985291   1.805
  1806    12050  8990269   1.806
  1807    12050  8995247   1.807
  1808    12050  9000225   1.808
  1809    12050  9005203   1.809
  1810    12050  9010181   1.810
  1811    12050  9015159   1.811
  1812    12050  9020137   1.812
  1813    12050  9025115   1.813
  1814    12050  9030093   1.814
  1815    12050  9035071   1.815
  1816    12050  9040049   1.816
  1817    12050  9045027   1.817
  1818    12050  9050005   1.818
  1819    12050  9054983   1.819
  1820    12050  9059961   1.820
  1821    12050  9064939   1.821
  1822    12050  9069917   1.822
  1823    12050  9074895   1.823
  1824    12050  9079873   1.824
  1825    12050  9084851   1.825
  1826    12050  9089829   1.826
  1827    12050  9094807   1.827
  1828    12050  9099785   1.828
  1829    12050  9104763   1.829
  1830    12050  9109741   1.830
  1831    12050  9114719   1.831
  1832    12050  9119697   1.832
  1833    12050  9124675   1.833
  1834    12050  9129653   1.834
  1835    12050  9134631   1.835
  1836    12050  9139609   1.836
  1837    12050  9144587   1.837
  1838    12050  9149565   1.838
  1839    12050  9154543   1.839
  1840    12050  9159521   1.840
  1841    12050  9164499   1.841
  1842    12050  9169477   1.842
  1843    12050  9174455   1.843
  1844    12050  9179433   1.844
  1845    12050  9184411   1.845
  1846    12050  9189389   1.846
  1847    12050  9194367   1.847
  1848    12050  9199345   1.848
  1849    12050  9204323   1.849
  1850    12050  9209301   1.850
  1851    12050  9214279   1.851
  1852    12050  9219257   1.852
  1853    12050  9224235   1.853
  1854    12050  9229213   1.854
  1855    12050  9234191   1.855
  1856    12050  9239169   1.856
  1857    12050  9244147   1.857
  1858    12050  9249125   1.858
  1859    12050  9254103   1.859
  1860    12050  9259081   1.860
  1861    12050  9264059   1.861
  1862    12050  9269037   1.862
  1863    12050  9274015   1.863
  1864    12050  9278993   1.864
  1865    12050  9283971   1.865
  1866    12050  9288949   1.866
  1867    12050  9293927   1.867
  1868    12050  9298905   1.868
  1869    12050  9303883   1.869
  1870    12050  9308861   1.870
  1871    12050  9313839   1.871
  1872    12050  9318817   1.872
  1873    12050  9323795   1.873
  1874    12050  9328773   1.874
  1875    12050  9333751   1.875
  1876    12050  9338729   1.876
  1877    12050  9343707   1.877
  1878    12050  9348685   1.878
  1879    12050  9353663   1.879
  1880    12050  9358641   1.880
  1881    12050  9363619   1.881
  1882    12050  9368597   1.882
  1883    12050  9373575   1.883
  1884    12050  9378553   1.884
  1885    12050  9383531   1.885
  1886    12050  9388509   1.886
  1887    12050  9393487   1.887
  1888    12050  9398465   1.888
  1889    12050  9403443   1.889
  1890    12050  9408421   1.890
  1891    12050  9413399   1.891
  1892    12050  9418377   1.892
  1893    12050  9423355   1.893
  1894    12050  9428333   1.894
  1895    12050  9433311   1.895
  1896    12050  9438289   1.896
  1897    12050  9443267   1.897
  1898    12050  9448245   1.898
  1899    12050  9453223   1.899
  1900    12050  9458201   1.900
  1901    12050  9463179   1.901
  1902    12050  9468157   1.902
  1903    12050  9473135   1.903
  1904    12050  9478113   1.904
  1905    12050  9483091   1.905
  1906    12050  9488069   1.906
  1907    12050  9493047   1.907
  1908    12050  9498025   1.908
  1909    12050  9503003   1.909
  1910    12050  9507981   1.910
  1911    12050  9512959   1.911
  1912    12050  9517937   1.912
  1913    12050  9522915   1.913
  1914    12050  9527893   1.914
  1915    12050  9532871   1.915
  1916    12050  9537849   1.916
  1917    12050  9542827   1.917
  1918    12050  9547805   1.918
  1919    12050  9552783   1.919
  1920    12050  9557761   1.920
  1921    12050  9562739   1.921
  1922    12050  9567717   1.922
  1923    12050  9572695   1.923
  1924    12050  9577673   1.924
  1925    12050  9582651   1.925
  1926    12050  9587629   1.926
  1927    12050  9592607   1.927
  1928    12050  9597585   1.928
  1929    12050  9602563   1.929
  1930    12050  9607541   1.930
  1931    12050  9612519   1.931
  1932    12050  9617497   1.932
  1933    12050  9622475   1.933
  1934    12050  9627453   1.934
  1935    12050  9632431   1.935
  1936    12050  9637409   1.936
  1937    12050  9642387   1.937
  1938    12050  9647365   1.938
  1939    12050  9652343   1.939
  1940    12050  9657321   1.940
  1941    12050  9662299   1.941
  1942    12050  9667277   1.942
  1943    12050  9672255   1.943
  1944    12050  9677233   1.944
  1945    12050  9682211   1.945
  1946    12050  9687189   1.946
  1947    12050  9692167   1.947
  1948    12050  9697145   1.948
  1949    12050  9702123   1.949
  1950    12050  9707101   1.950
  1951    12050  9712079   1.951
  1952    12050  9717057   1.952
  1953    12050  9722035   1.953
  1954    12050  9727013   1.954
  1955    12050  9731991   1.955
  1956    12050  9736969   1.956
  1957    12050  9741947   1.957
  1958    12050  9746925   1.958
  1959    12050  9751903   1.959
  1960    12050  9756881   1.960
  1961    12050  9761859   1.961
  1962    12050  9766837   1.962
  1963    12050  9771815   1.963
  1964    12050  9776793   1.964
  1965    12050  9781771   1.965
  1966    12050  9786749   1.966
  1967    12050  9791727   1.967
  1968    12050  9796705   1.968
  1969    12050  9801683   1.969
  1970    12050  9806661   1.970
  1971    12050  9811639   1.971
  1972    12050  9816617   1.972
  1973    12050  9821595   1.973
  1974    12050  9826573   1.974
  1975    12050  9831551   1.975
  1976    12050  9836529   1.976
  1977    12050  9841507   1.977
  1978    12050  9846485   1.978
  1979    12050  9851463   1.979
  1980    12050  9856441   1.980
  1981    12050  9861419   1.981
  1982    12050  9866397   1.982
  1983    12050  9871375   1.983
  1984    12050  9876353   1.984
  1985    12050  9881331   1.985
  1986    12050  9886309   1.986
  1987    12050  9891287   1.987
  1988    12050  9896265   1.988
  1989    12050  9901243   1.989
  1990    12050  9906221   1.990
  1991    12050  9911199   1.991
  1992    12050  9916177   1.992
  1993    12050  9921155   1.993
  1994    12050  9926133   1.994
  1995    12050  9931111   1.995
  1996    12050  9936089   1.996
  1997    12050  9941067   1.997
  1998    12050  9946045   1.998
  1999    12050  9951023   1.999
  2000    12050  9956001   2.000
