 0.000E+00 0.000E+00
 0.316E+12 0.469E+13
 0.631E+12 0.469E+13
 0.947E+12 0.469E+13
 0.126E+13 0.469E+13
 0.158E+13 0.469E+13
 0.189E+13 0.469E+13
 0.221E+13 0.469E+13
 0.252E+13 0.469E+13
 0.284E+13 0.469E+13
 0.316E+13 0.469E+13
 0.347E+13 0.469E+13
 0.379E+13 0.469E+13
 0.410E+13 0.469E+13
 0.442E+13 0.469E+13
 0.473E+13 0.469E+13
 0.505E+13 0.469E+13
 0.536E+13 0.469E+13
 0.568E+13 0.469E+13
 0.600E+13 0.469E+13
 0.631E+13 0.469E+13
 0.663E+13 0.469E+13
 0.694E+13 0.469E+13
 0.726E+13 0.469E+13
 0.757E+13 0.469E+13
 0.789E+13 0.469E+13
 0.821E+13 0.469E+13
 0.852E+13 0.469E+13
 0.884E+13 0.469E+13
 0.915E+13 0.469E+13
 0.947E+13 0.469E+13
 0.978E+13 0.470E+13
 0.101E+14 0.471E+13
 0.104E+14 0.520E+13
 0.107E+14 0.611E+13
 0.110E+14 0.876E+13
 0.114E+14 0.911E+13
 0.117E+14 0.117E+14
 0.120E+14 0.154E+14
 0.123E+14 0.227E+14
 0.126E+14 0.247E+14
 0.129E+14 0.304E+14
 0.133E+14 0.384E+14
 0.136E+14 0.520E+14
 0.139E+14 0.560E+14
 0.142E+14 0.654E+14
 0.145E+14 0.776E+14
 0.148E+14 0.971E+14
 0.151E+14 0.103E+15
 0.155E+14 0.116E+15
 0.158E+14 0.133E+15
 0.161E+14 0.159E+15
 0.164E+14 0.167E+15
 0.167E+14 0.184E+15
 0.170E+14 0.204E+15
 0.174E+14 0.236E+15
 0.177E+14 0.246E+15
 0.180E+14 0.267E+15
 0.183E+14 0.290E+15
 0.186E+14 0.328E+15
 0.189E+14 0.339E+15
 0.193E+14 0.363E+15
 0.196E+14 0.389E+15
 0.199E+14 0.431E+15
 0.202E+14 0.444E+15
 0.205E+14 0.470E+15
 0.208E+14 0.499E+15
 0.211E+14 0.546E+15
 0.215E+14 0.562E+15
 0.218E+14 0.589E+15
 0.221E+14 0.623E+15
 0.224E+14 0.675E+15
 0.227E+14 0.690E+15
 0.230E+14 0.720E+15
 0.234E+14 0.753E+15
 0.237E+14 0.808E+15
 0.240E+14 0.823E+15
 0.243E+14 0.856E+15
 0.246E+14 0.891E+15
 0.249E+14 0.947E+15
 0.252E+14 0.965E+15
 0.256E+14 0.100E+16
 0.259E+14 0.104E+16
 0.262E+14 0.109E+16
 0.265E+14 0.111E+16
 0.268E+14 0.114E+16
 0.271E+14 0.118E+16
 0.275E+14 0.124E+16
 0.278E+14 0.126E+16
 0.281E+14 0.129E+16
 0.284E+14 0.133E+16
 0.287E+14 0.139E+16
 0.290E+14 0.141E+16
 0.293E+14 0.145E+16
 0.297E+14 0.148E+16
 0.300E+14 0.155E+16
 0.303E+14 0.157E+16
 0.306E+14 0.160E+16
 0.309E+14 0.164E+16
 0.312E+14 0.170E+16
 0.316E+14 0.172E+16
 0.319E+14 0.175E+16
 0.322E+14 0.179E+16
 0.325E+14 0.186E+16
 0.328E+14 0.188E+16
 0.331E+14 0.191E+16
 0.335E+14 0.195E+16
 0.338E+14 0.201E+16
 0.341E+14 0.204E+16
 0.344E+14 0.207E+16
 0.347E+14 0.210E+16
 0.350E+14 0.217E+16
 0.353E+14 0.220E+16
 0.357E+14 0.222E+16
 0.360E+14 0.226E+16
 0.363E+14 0.232E+16
 0.366E+14 0.236E+16
 0.369E+14 0.238E+16
 0.372E+14 0.242E+16
 0.376E+14 0.248E+16
 0.379E+14 0.252E+16
 0.382E+14 0.254E+16
 0.385E+14 0.258E+16
 0.388E+14 0.264E+16
 0.391E+14 0.269E+16
 0.394E+14 0.271E+16
 0.398E+14 0.275E+16
 0.401E+14 0.281E+16
 0.404E+14 0.285E+16
 0.407E+14 0.287E+16
 0.410E+14 0.292E+16
 0.413E+14 0.297E+16
 0.417E+14 0.302E+16
 0.420E+14 0.304E+16
 0.423E+14 0.309E+16
 0.426E+14 0.314E+16
 0.429E+14 0.320E+16
 0.432E+14 0.321E+16
 0.436E+14 0.326E+16
 0.439E+14 0.332E+16
 0.442E+14 0.338E+16
 0.445E+14 0.339E+16
 0.448E+14 0.344E+16
 0.451E+14 0.350E+16
 0.454E+14 0.355E+16
 0.458E+14 0.357E+16
 0.461E+14 0.362E+16
 0.464E+14 0.368E+16
 0.467E+14 0.373E+16
 0.470E+14 0.374E+16
 0.473E+14 0.379E+16
 0.477E+14 0.385E+16
 0.480E+14 0.390E+16
 0.483E+14 0.392E+16
 0.486E+14 0.397E+16
 0.489E+14 0.404E+16
 0.492E+14 0.409E+16
 0.495E+14 0.411E+16
 0.499E+14 0.416E+16
 0.502E+14 0.422E+16
 0.505E+14 0.429E+16
 0.508E+14 0.430E+16
 0.511E+14 0.435E+16
 0.514E+14 0.442E+16
 0.518E+14 0.447E+16
 0.521E+14 0.448E+16
 0.524E+14 0.453E+16
 0.527E+14 0.459E+16
 0.530E+14 0.464E+16
 0.533E+14 0.466E+16
 0.536E+14 0.470E+16
 0.540E+14 0.476E+16
 0.543E+14 0.481E+16
 0.546E+14 0.482E+16
 0.549E+14 0.486E+16
 0.552E+14 0.492E+16
 0.555E+14 0.497E+16
 0.559E+14 0.498E+16
 0.562E+14 0.503E+16
 0.565E+14 0.508E+16
 0.568E+14 0.514E+16
 0.571E+14 0.515E+16
 0.574E+14 0.520E+16
 0.578E+14 0.525E+16
 0.581E+14 0.530E+16
 0.584E+14 0.531E+16
 0.587E+14 0.536E+16
 0.590E+14 0.541E+16
 0.593E+14 0.547E+16
 0.596E+14 0.548E+16
 0.600E+14 0.552E+16
 0.603E+14 0.558E+16
 0.606E+14 0.563E+16
 0.609E+14 0.564E+16
 0.612E+14 0.569E+16
 0.615E+14 0.574E+16
 0.619E+14 0.580E+16
 0.622E+14 0.581E+16
 0.625E+14 0.586E+16
 0.628E+14 0.591E+16
 0.631E+14 0.597E+16
